0 1 -69.2026 2.54688
1 1 -100.733 746.392
2 1 -340 775
3 0
4 0
5 0
6 0
7 0
8 0
9 0
10 1 -980 700
11 1 -1017.18 684.307
12 0
13 0
14 0
15 0
16 0
17 0
18 0
19 0
20 0
21 0
22 0
23 1 -1673.21 204.01
24 1 -1641.25 181.328
25 1 -1590.43 202.935
26 1 -1508.9 194.36
27 1 -1396.26 150.944
28 1 -1285.1 86.7026
29 1 -1210.21 22.8879
30 1 -984.968 -95.1938
31 1 -877.807 -122.685
32 1 -764.329 -184.89
33 2 -632.734 -247.752 -1460 662.5
34 2 -583.54 -320.796 -1460 610
35 2 -531.292 -374.645 -1446.37 598.806
36 2 -477.708 -457.646 -1401.21 580.011
37 3 -442.01 -550.467 -1240 169.59 -1416.97 566.242
38 2 -427.466 -608.558 -1320 67.4395
39 2 -389.885 -638.631 -1375.96 -21.4189
40 2 -345.324 -651.065 -1338.56 -54.3918
41 2 -217.141 -647.207 -1216.76 -37.8379
42 2 -46.4395 -692.168 -1155.78 -74.2117
43 2 27.6272 -710.236 -1056.79 -90.3086
44 2 86.0215 -737.488 -1040.59 -177.214
45 2 141.755 -763.634 -957.356 -216.155
46 2 233.443 -771.656 -852.97 -279.467
47 2 287.476 -775.734 -744.754 -310.958
48 2 346.191 -799.817 -663.777 -350.647
49 2 449.098 -783.267 -553.867 -383.054
50 1 -42.0044 -566.012
51 1 52.4924 -553.757
52 1 106.721 -549.396
53 1 201.863 -486.686
54 2 -508.723 -750.656 638.699 -374.731
55 2 -333.798 -810.74 764.249 -384.452
56 2 -249.869 -829.33 845.709 -316.672
57 2 -131.132 -851.506 928.478 -271.94
58 2 -64.6018 -848.543 970.245 -198.15
59 2 -19.0674 -839.686 988.959 -139.108
60 2 37.1006 -819.127 1014.13 -25.1287
61 2 109.749 -812.726 1071.73 24.2761
62 2 182.622 -810.212 1112.16 65.8811
63 2 187.552 -762.521 1112.69 122.266
64 2 200.238 -698.032 1097 187.305
65 2 106.746 -602.519 1056.77 228.81
66 3 509.707 -763.232 -231.102 -404.536 1006.74 273.845
67 3 602.35 -740.737 -214.85 -275.262 949.535 323.813
68 3 622.022 -724.157 -157.333 -191.583 898.16 368.429
69 3 685.892 -592.224 -59.9092 -93.1313 840.666 407.079
70 3 729.714 -549.031 -10.5652 -4.53198 791.527 454.756
71 3 762.099 -492.132 -28.8992 69.6934 721.689 500.037
72 2 801.605 -436.188 258.903 393.041
73 3 836.24 -329.632 309.817 451.165 380 287.5
74 2 858.254 -238.617 323.87 527.679
75 2 877.029 -157.178 290.124 604.605
76 2 889.984 -89.9585 278.433 651.286
77 2 903.642 -46.5859 266.519 706.018
78 2 888.82 12.3188 247.613 743.908
79 2 883.626 102.68 201.691 741.387
80 2 830.644 167.632 138.303 742.665
81 2 738.86 197.883 53.1887 728.497
82 2 695.801 240.294 -5.80908 707.443
83 2 613.646 258.444 -236.086 653.508
84 1 319.153 418.879
85 1 287.931 432.417
86 1 252.948 462.587
87 1 156.299 486.815
88 2 60.5762 511.589 220 362.5
89 1 -22.4854 506.102
90 1 -86.7891 518.972
91 1 -58.0869 547.264
92 1 267.316 693.654
93 0
94 1 -864.051 304.351
95 1 -920.026 273.039
96 1 -913.85 228.012
97 1 -923.236 182.767
98 1 -964.568 170.49
99 1 -996.891 137.528
100 1 -1018.5 87.8281
101 1 -1051.44 49.6682
102 1 -1129.44 0
103 1 -1194.53 -76.49
104 1 -1243.63 -157.295
105 1 -1258.11 -210.502
106 1 -1295.04 -264.739
107 1 -1339.45 -299.624
108 1 -1353.37 -352.486
109 1 -1348.81 -413.744
110 1 -1346.9 -462.968
111 1 -1325.37 -525.93
112 1 -1274.42 -582.987
113 1 -1247.82 -619.456
114 3 -1244.69 -644.522 -627.538 31.8884 -660 62.5
115 2 -1230.25 -664.041 -552.993 -82.802
116 1 -867.603 -454.568
117 1 -865.006 -472.989
118 2 -918.359 -575.471 -1460 587.5
119 1 -909.749 -589.953
120 2 -898.986 -582.909 -1500 531.25
121 1 -814.126 -515.35
122 1 -878.002 -532.472
123 1 -913.821 -558.141
124 1 -871.681 -489.236
125 1 -809.356 -405.331
126 2 -755.892 -362.528 -1360 43.75
127 2 -680.388 -332.555 -1140 43.75
128 1 -756.401 -225.354
129 1 -694.917 -321.664
130 2 -578.633 -259.915 -1279.01 -65.6067
131 1 -735.541 -157.323
132 2 -712.051 -156.43 -927.879 -136.364
133 1 -599.342 -159.774
134 2 -1160.24 -164.167 -297.801 -108.947
135 2 -1143.25 -220.92 -239.604 -68.5696
136 2 -1133.61 -255.676 -229.893 5.10205
137 2 -1024.91 -333.333 -189.497 69.6292
138 2 -942.686 -380.174 -9.24805 84.2415
139 2 -958.315 -392.102 17.407 131.817
140 2 -980.337 -413.809 122.38 118.426
141 2 -865.482 -458.322 143.615 172.041
142 2 -835.645 -494.506 213.235 163.33
143 2 -822.998 -535.227 286.229 150.056
144 2 -805.244 -536.512 367.774 112.74
145 2 -750.807 -521.754 417.517 105.673
146 2 -709.349 -511.494 483.496 102.877
147 2 -627.76 -518.289 532.265 110.515
148 2 -551.873 -521.952 604.69 116.331
149 2 -503.06 -534.392 694.736 102.012
150 2 -472.835 -552.891 751.972 92.7488
151 2 -428.756 -567.74 817.633 92.7683
152 2 -361.686 -578.64 887.496 105.335
153 2 -308.066 -574.961 932.398 147.844
154 2 -281.909 -571.686 947.481 171.41
155 2 -233.562 -574.259 969.59 206.352
156 2 -112.909 -591.656 949.375 266.857
157 2 -104.125 -557.166 949.896 323.174
158 2 -107.05 -520.753 962.237 375.925
159 2 -90.8696 -493.778 941.793 419.185
160 2 -40.7205 -499.957 920.455 458.162
161 2 32.1707 -512.055 904.851 502.303
162 2 224.973 -590.304 849.982 551.94
163 2 279.572 -583.188 808.739 579.273
164 2 380.284 -570.137 776.48 590.294
165 2 437.791 -557.558 728.697 602.48
166 2 469.067 -538.357 667.163 608.342
167 2 514.807 -529.8 613.427 615.996
168 2 548.033 -516.5 548.098 634.305
169 3 570.183 -498.601 -260 100 491.551 641.287
170 3 623.863 -479.979 -260 175 438.884 649.451
171 2 628.625 -471.921 376.166 666.667
172 2 640 -465.334 320.078 670.755
173 2 648.301 -465.645 258.623 705.164
174 2 634.867 -468.547 164.787 744.386
175 2 659.883 -490.534 94.3945 769.182
176 2 676.883 -482.711 82.8018 748.053
177 2 677.544 -498.355 20.9077 759.424
178 2 698.775 -486.384 -203.59 715.385
179 2 734.338 -470.788 -275.21 704.63
180 2 764.477 -438.563 -347.768 699.828
181 2 810.567 -435.439 -404.885 681.832
182 2 851.496 -409.121 -412.723 647.756
183 2 887.844 -399.221 -452.63 645.517
184 2 898.238 -359.102 -453.737 656.105
185 2 916.389 -355.677 -480 630.411
186 2 922.646 -344.561 -496.553 627.466
187 2 944.537 -308.719 -563.59 609.615
188 1 1003.09 -192.614
189 1 1019.39 -118.962
190 1 1042.08 -76.9382
191 1 1083.98 -8.44897
192 3 56.3174 -590.833 870.563 -100.507 -1000 400
193 4 -57.6699 -543.932 480 -256.25 1161.38 73.9612 -1034.67 401.667
194 3 58.9023 -449.697 1170.42 137.5 -1062.09 389.099
195 3 -62.9546 -463.816 1190.22 206.218 -969.366 290.759
196 3 -113.057 -466.912 -998.052 245.822 1208.63 260.655
197 3 -173.229 -479.346 -999.39 178.773 1242.27 310.74
198 3 -186.232 -442.337 -1005.71 168.784 1270.56 346.953
199 3 -253.829 -424.07 -969.374 145.417 1287.32 386.043
200 3 -280 -406.25 -947.594 97.4751 1298 441.715
201 3 -381.69 -418.838 -979.305 47.3542 1297.87 508.608
202 3 -423.196 -422.004 -957.481 -10.9722 1266.46 537.223
203 2 -947.393 -143.028 1209.9 577.242
204 2 -936.37 -185.079 1155.06 613.013
205 2 -923.667 -238.892 1093.18 632.441
206 2 -859.452 -296.618 1018.46 647.115
207 2 -786.375 -330.922 949.899 688.731
208 2 -737.85 -364.165 889.096 686.361
209 2 -679.676 -382.928 838.738 669.144
210 2 -614.39 -397.442 834.69 633.015
211 2 -510.74 -453.082 677.008 668.993
212 2 -446.44 -471.086 619.801 695.784
213 2 -367.372 -484.856 567.41 697.866
214 2 -313.585 -502.182 477.492 696.158
215 2 -250.462 -511.293 360 625
216 2 -202.968 -509.091 296.638 628.152
217 1 -140.161 -540.55
218 2 -79.8198 -530.8 180 587.5
219 1 -21.0715 -536.412
220 1 58.9321 -538.93
221 1 139.216 -536.941
222 1 188.848 -535.47
223 1 245.36 -517.26
224 1 304.333 -495.231
225 1 385.166 -493.75
226 2 454.808 -466.316 -536.317 453.333
227 2 513.282 -432.091 -605.764 444.173
228 2 550.112 -439.338 -663.683 421.667
229 2 589.724 -423.854 -691.954 397.737
230 2 706.201 -414.137 -760 362.5
231 2 798.435 -391.44 -797.002 340.94
232 2 838.622 -372.704 -837.118 271.452
233 2 863.886 -325.419 -892.764 237.714
234 2 875.787 -279.27 -923.32 214.918
235 2 903.785 -211.613 -976.545 181.023
236 2 910.881 -162.614 -986.396 157.317
237 2 962.33 -115.138 -1029.97 97.5291
238 2 -1074.31 10.7307 977.415 -45.5342
239 2 -1100 -15 964.997 -0.424805
240 2 -1100 -75 1001.83 50.4563
241 2 -1140 -162.5 1020.65 104.847
242 2 -1160 -218.75 1023.77 196.96
243 3 -420 -537.5 -1184.7 -289.937 999.81 256.151
244 2 -1232.97 -365.455 997.229 327.937
245 2 -1209.07 -425 1030.94 380.148
246 2 -1158.73 -495.202 1042.87 421.312
247 2 -1134.29 -577.941 1013.68 498.842
248 2 -1123.55 -611.595 995.277 541.634
249 2 -1013.31 -645.487 961.503 579.881
250 2 -961.943 -676.845 922.327 583.176
251 2 -844.79 -720.37 865.644 615.031
252 2 -678.322 -663.861 820.776 616.993
253 2 -604.48 -646.296 737.407 625.846
254 2 -557.124 -648.16 691.594 640.945
255 2 -494.429 -679.578 650.529 643.411
256 2 -409.895 -719.227 576.212 658.349
257 2 -330.181 -748.169 493.257 661.954
258 2 -216.93 -800.516 456.144 675.582
259 2 -93.4038 -864.399 381.046 700.291
260 2 -36.4644 -864.676 306.55 734.52
261 2 55.0232 -848.712 238.132 740.728
262 2 114.465 -821.253 204.464 749.601
263 2 185.514 -793.045 154.302 732.962
264 2 261.579 -779.787 74.0415 689.878
265 2 361.137 -761.066 -20 606.25
266 2 500.545 -717.492 -100 606.25
267 2 509.81 -680.402 -186.85 586.468
268 2 580.487 -653.695 -261.571 565.67
269 2 617.206 -560.938 -344.907 496.217
270 2 701.319 -423.146 -352.953 496.003
271 2 764.149 -420.225 -409.026 472.428
272 2 834.408 -430.312 -421.382 475.151
273 2 846.722 -424.531 -446.359 442.363
274 2 894.553 -360.106 -520.39 399.769
275 2 929.411 -196.449 -640.813 340.636
276 2 962.745 -167.732 -680.86 311.324
277 2 994.309 -72.1885 -728.679 276.179
278 3 63.6826 -596.667 1031.91 32.9373 -742.569 245.929
279 3 201.308 -482.632 1061.63 94.5881 -779.818 202.813
280 3 38.1594 -461.963 1088.12 118.24 -803.18 177.363
281 3 -135.057 -467.484 -825.698 139.317 1104.63 234.43
282 3 -211.274 -452.757 -849.353 76.7595 1108.16 296.345
283 3 -292.054 -448.927 -871.993 22.5796 1097.7 343.374
284 3 -360 -443.75 -887.07 -66.2153 1112.51 399.393
285 2 -907.371 -120.574 1127.96 452.847
286 2 -896.527 -161.937 1110.52 510.315
287 2 -924.59 -204.498 1073.99 576.72
288 2 -952.569 -253.335 1027.42 641.026
289 2 -978.12 -271.932 945.205 654.187
290 2 -1003.33 -300.378 887.036 661.634
291 2 -1076.23 -346.078 840.037 649.965
292 2 -1114.47 -412.537 763.223 664.238
293 2 -1139.11 -477.749 687.203 659.654
294 2 -1161.45 -511.552 623.447 627.466
295 1 -1171.59 -553.064
296 1 -1176.97 -589.286
297 2 -1148.79 -626.743 280 756.25
298 1 -1123.22 -670.073
299 1 -1116.93 -699.326
300 1 -1097.39 -721.15
301 1 -1088.71 -730.437
302 1 -1053.76 -746.03
303 1 -1003.36 -732.193
304 1 -941.187 -726.815
305 1 -882.313 -707.23
306 1 -825.283 -693.939
307 1 -773.864 -691.698
308 1 -710.152 -674.095
309 1 -656.124 -654.01
310 1 -587.66 -633.215
311 1 -498.487 -611.689
312 1 -418.844 -588.656
313 1 -339.425 -569.432
314 1 -258.781 -555.75
315 1 -220.227 -556.712
316 1 -97.074 -581.004
317 1 -11.9102 -603.605
318 1 9.89209 -630.595
319 1 62.7871 -657.015
320 2 297.595 -706.019 -1454.4 554.307
321 1 353.13 -699.905
322 2 425.805 -709.646 -1543.77 282.672
323 1 489.449 -696.347
324 2 529.328 -680.55 -1596.89 103.452
325 2 569.519 -657.061 -1567.19 106.704
326 2 607.792 -620.537 -1582.25 138.404
327 1 656.553 -543.512
328 1 688.358 -483.602
329 1 722.586 -446.336
330 1 750.476 -398.502
331 2 -1337.14 -306.638 792.04 -362.24
332 2 -1315.6 -336.139 821.347 -328.056
333 2 -1264.84 -392.035 826.144 -281.961
334 2 -1240 -505.41 862.419 -248.989
335 2 -1240 -575 897.59 -206.125
336 3 -1201.39 -600.868 896.485 -167.002 406.583 245.126
337 1 813.894 -36.8479
338 1 805.223 -19.335
339 1 807.291 -31.188
340 2 -700 -693.644 805.411 -34.4023
341 2 -621.319 -723.146 798.699 -60.7222
342 2 -502.264 -768.789 744.822 -48.6477
343 2 -351.988 -828.116 734.053 -77.2932
344 2 -281.885 -830.747 684.072 -57.022
345 2 -196.302 -854.302 637.344 -61.5496
346 2 -137.905 -891.786 593.706 -62.9319
347 2 -122.108 -899.968 557.566 -46.731
348 2 -90.1904 -884.137 528.011 -47.2864
349 2 25.1658 -853.043 483.696 -16.9006
350 3 113.296 -836.123 -420.75 -336.484 422.448 18.51
351 2 177.61 -803.813 356.41 48.3276
352 2 252.443 -803.227 277.554 78.7827
353 3 372.044 -779.877 -376.317 -296.667 217.876 97.9607
354 2 503.246 -739.72 22.113 21.073
355 2 553.817 -690.222 -54.7173 22.083
356 2 600 -601.9 -72.6626 41.8455
357 2 681.627 -527.801 -87.9873 51.877
358 2 676.19 -527.369 -81.5864 84.5481
359 2 713.93 -513.849 -113.045 91.5142
360 2 776.594 -484.545 -132.954 111.223
361 2 884.113 -429.894 -157.814 129.906
362 2 911.056 -278.333 -273.119 102.355
363 2 933.243 -156.25 -387.796 66.946
364 2 954.874 -36.7463 -450.659 78.0732
365 3 440 -481.25 960.147 50.4404 -511.003 88.3496
366 3 345.062 -450.2 977.981 101.892 -560.444 91.6667
367 3 45.3159 -406.536 1011.74 170.462 -628.387 88.9578
368 3 -85.0759 -402.851 -687.329 74.2793 1003.95 205.896
369 3 -165.625 -385.138 -747.643 67.5471 987.462 280.093
370 3 -254.242 -367.898 -795.268 46.5703 974.962 337.977
371 4 -592.272 -141.387 -620 -200 -460 -87.5 943.642 414.329
372 2 -699.851 -136.402 965.956 504.833
373 2 -880.522 -31.3538 969.302 509.702
374 2 -943.659 -52.7373 939.444 587.24
375 2 -985.804 -42.2886 905.313 641.331
376 2 -1024.47 -39.9294 848.263 634.023
377 2 -1073.63 -53.6506 786.149 639.17
378 2 -1099.6 -18.9983 632.711 636.917
379 1 -1108.13 5.09131
380 1 -1126.67 13.6924
381 2 -1100.11 -7.84424 500 700
382 1 -1109.73 -11.4243
383 1 -1142.19 -35.4978
384 1 -1178.45 -38.9009
385 2 -1162.88 -82.2334 140 925
386 2 -1132.26 -105.093 96.6377 965.652
387 2 -1114.58 -153.756 100 981.25
388 1 -1127.94 -172.44
389 1 -1085.88 -209.113
390 1 -1000 -237.5
391 1 -949.104 -242.328
392 1 -924.611 -242.071
393 1 -901.852 -208.391
394 1 -860.16 -209.65
395 1 -802.475 -178.93
396 1 -742.906 -152.938
397 1 -701.892 -127.206
398 1 -675.316 -115.051
399 1 -616.003 -94.9602
400 1 -595.519 -79.8992
401 1 -567.375 -68.2971
402 1 -540.199 -39.5833
403 1 -498.928 -22.1819
404 1 -458.19 8.45581
405 1 -436.364 10.5562
406 1 -422.66 7.82007
407 2 -383.365 19.6345 -1356.89 696.548
408 2 -374.243 49.6028 -1377.37 665.731
409 2 -382.467 69.3232 -1401.82 647.798
410 2 -335.871 85.6511 -1431.42 626.197
411 2 -109.157 252.988 -1460 531.25
412 1 -62.416 311.451
413 2 -1520 268.75 -59.25 350.096
414 2 -1525.22 195.323 -24.8423 387.796
415 2 -1459.77 138.968 -3.65356 403.766
416 2 -1545.65 168.356 14.8501 463.96
417 2 -1537.98 176.264 44.0698 487.427
418 1 78.6987 495.796
419 1 121.975 525.926
420 1 191.703 532.053
421 1 243.394 523.599
422 1 281.611 522.274
423 1 269.981 520.496
424 1 324.073 504.271
425 2 -1181.05 -633.224 389.416 463.478
426 2 -1120 -682.09 459.2 427.891
427 1 497.761 386.466
428 2 -943.196 -727.996 534.644 366.305
429 2 -884.586 -739.45 560 320.95
430 2 -840 -757.09 549.095 342.14
431 1 522.553 337.722
432 1 465.602 407.038
433 2 -620 -718.856 424.528 443.026
434 2 -563.41 -722.233 406.633 456.421
435 2 -515.601 -739.626 374.66 469.424
436 2 -385.168 -854.457 306.736 502.552
437 2 -300 -893.75 270.393 507.692
438 2 -243.26 -915.146 207.416 496.892
439 2 -176.753 -898.446 127.566 498.947
440 2 -82.0168 -910.609 71.2202 493.696
441 2 -12.9629 -913.393 -25.5422 454.556
442 2 23.7693 -925.795 -65.7424 456.714
443 2 54.0537 -899.481 -117.148 432.874
444 2 140 -898.37 -165.104 426.746
445 2 238.595 -896.419 -248.537 422.695
446 2 296.667 -897.396 -305.792 408.197
447 2 346.684 -894.434 -369.052 395.015
448 2 395.97 -880.313 -410.269 408.914
449 2 469.141 -864.554 -472.351 412.5
450 2 588.217 -803.149 -539.42 395.169
451 2 659.143 -778.112 -579.725 378.584
452 2 687.224 -747.472 -688.472 315.078
453 2 686.914 -741.929 -724.487 305.672
454 2 710.352 -732.495 -765.588 285.386
455 2 779.645 -662.857 -775.97 264.347
456 2 834.774 -610.772 -816.903 224.114
457 2 922.167 -515.82 -856.75 157.188
458 2 947.991 -422.393 -889.421 140.98
459 2 951.958 -326.46 -909.91 63.1335
460 2 953.811 -230.09 -916.49 35.7478
461 2 900.855 -98.9851 -854.361 17.6211
462 2 876.467 -24.136 -880 6.25
463 2 -902.952 -28.0535 863.115 37.5513
464 1 848.357 55.4578
465 1 843 107.813
466 2 -500 -537.5 828.13 182.241
467 2 -1000 -368.75 740.105 212.401
468 1 -844.186 -312.5
469 1 -776.35 -296.943
470 2 -762.384 -324.042 640 550
471 2 -741.294 -338.08 598.413 580.556
472 2 -688.044 -358.118 580 587.5
473 1 -615.345 -383.455
474 1 -569.402 -421.749
475 1 -520.865 -430
476 1 -466.2 -439.212
477 1 -414.083 -457.24
478 1 -344.352 -465.801
479 1 -282.697 -472.015
480 1 -258.974 -471.186
481 1 -165.879 -449.261
482 1 -132.385 -443.572
483 1 -86.0459 -416.907
484 1 -60.6694 -409.807
485 1 -22.5305 -378.214
486 1 29.5713 -351.945
487 1 73.5913 -335.484
488 1 105.292 -297.231
489 1 158.605 -257.035
490 1 168.707 -231.707
491 1 194.214 -216.626
492 1 235.02 -195.023
493 1 239.845 -205.104
494 1 155.93 -209.565
495 1 184.418 -120.708
496 1 129.162 -94.447
497 2 -8.5874 -89.4456 -1360 700
498 1 -128.37 -33.5649
499 1 -256.379 -17.8252
500 1 -156.1 125.221
501 1 -268.09 188.483
502 1 -323.446 229.123
503 1 -455.202 327.913
504 1 -515.764 362.322
505 1 -573.254 379.505
506 1 -729.93 441.71
507 2 -1420 -312.5 -784.689 438.845
508 2 -1414.75 -367.348 -862.727 405.952
509 2 -1399.04 -398.077 -952.033 379.835
510 2 -1400 -481.25 -971.84 374.172
511 1 -1143.13 447.892
512 1 -1245.81 491.692
513 2 -1280 -575 -1333.97 552.809
514 2 -1175.56 -604.435 -1444.83 581.824
515 2 -1161.09 -661.143 -1511.64 565.166
516 2 -1220 -706.25 -1549.52 571.561
517 1 -961.871 -696.583
518 0
519 1 -680 -781.25
520 0
521 0
522 0
523 1 -361.333 -698.667
524 1 -260 -700.245
525 1 -196.59 -690.267
526 1 -141.482 -675.077
527 1 -101.428 -670.536
528 1 -8.87988 -748.221
529 1 127.185 -766.784
530 1 300.571 -836.964
531 1 336.039 -814.958
532 1 396.296 -809.195
533 1 457.778 -797.396
534 1 512.758 -769.29
535 1 550.648 -755.555
536 1 577.668 -712.459
537 1 611.439 -681.688
538 1 653.205 -611.959
539 1 682.711 -536.842
540 1 699.266 -496.187
541 1 720.943 -403.824
542 1 696.358 -333.921
543 1 625.324 -262.37
544 1 563.972 -243.459
545 1 600 -125
546 1 638.609 -43.8044
547 1 701.282 44.9519
548 1 716.667 85.5901
549 1 718.286 87.9912
550 1 743.202 144.488
551 1 734.361 257.379
552 1 780 381.25
553 1 780 437.5
554 1 796.937 496.014
555 1 833.003 544.183
556 1 860 550
557 1 892.889 612.628
558 1 926.124 710.384
559 1 963.359 774.548
560 1 994.586 814.368
561 1 987.032 860.302
562 1 1003.49 898.231
563 1 980.76 929.747
564 1 974.433 962.865
565 1 966.557 991.101
566 1 949.454 1008.83
567 1 924.34 1028.57
568 1 902.121 1068.13
569 1 935.304 1164.94
570 0
571 0
